0	0	0	2560	208	4	0
01	0	0	1280	104	4	0
011	0	0	640	52	0	0
012	640	0	640	52	0	0
013	0	52	640	52	4	0
0131	0	52	320	26	0	0
0132	320	52	320	26	0	0
0133	0	78	320	26	0	0
0134	320	78	320	26	4	0
01341	320	78	160	13	0	0
01342	480	78	160	13	0	1	128
01343	320	91	160	13	0	0
01344	480	91	160	13	0	1	128
014	640	52	640	52	4	0
0141	640	52	320	26	0	0
0142	960	52	320	26	4	0
01421	960	52	160	13	0	0
01422	1120	52	160	13	0	1	127
01423	960	65	160	13	0	1	129
01424	1120	65	160	13	0	1	127
0143	640	78	320	26	4	0
01431	640	78	160	13	0	0
01432	800	78	160	13	0	2	132	133
01433	640	91	160	13	0	0
01434	800	91	160	13	0	11	3	4	5	6	7	8	9	27	126	132	133
0144	960	78	320	26	4	0
01441	960	78	160	13	0	1	129
01442	1120	78	160	13	0	1	127
01443	960	91	160	13	0	1	129
01444	1120	91	160	13	0	2	10	127
02	1280	0	1280	104	4	0
021	1280	0	640	52	4	0
0211	1280	0	320	26	0	0
0212	1600	0	320	26	0	0
0213	1280	26	320	26	4	0
02131	1280	26	160	13	0	0
02132	1440	26	160	13	0	1	121
02133	1280	39	160	13	0	0
02134	1440	39	160	13	0	1	121
0214	1600	26	320	26	0	0
022	1920	0	640	52	0	0
023	1280	52	640	52	4	0
0231	1280	52	320	26	4	0
02311	1280	52	160	13	0	1	119
02312	1440	52	160	13	0	6	0	1	2	26	120	121
02313	1280	65	160	13	0	1	119
02314	1440	65	160	13	0	5	0	1	2	26	120
0232	1600	52	320	26	4	0
02321	1600	52	160	13	0	1	130
02322	1760	52	160	13	0	0
02323	1600	65	160	13	0	1	130
02324	1760	65	160	13	0	0
0233	1280	78	320	26	4	0
02331	1280	78	160	13	0	1	119
02332	1440	78	160	13	0	5	0	1	2	26	120
02333	1280	91	160	13	0	5	11	12	13	14	15
02334	1440	91	160	13	0	3	16	28	120
0234	1600	78	320	26	4	0
02341	1600	78	160	13	0	1	130
02342	1760	78	160	13	0	0
02343	1600	91	160	13	0	0
02344	1760	91	160	13	0	0
024	1920	52	640	52	0	0
03	0	104	1280	104	4	0
031	0	104	640	52	4	0
0311	0	104	320	26	0	0
0312	320	104	320	26	4	0
03121	320	104	160	13	0	2	135	136
03122	480	104	160	13	0	1	128
03123	320	117	160	13	0	5	115	116	117	135	136
03124	480	117	160	13	0	1	114
0313	0	130	320	26	4	0
03131	0	130	160	13	0	0
03132	160	130	160	13	0	0
03133	0	143	160	13	0	1	131
03134	160	143	160	13	0	0
0314	320	130	320	26	4	0
03141	320	130	160	13	0	4	115	116	117	135
03142	480	130	160	13	0	1	114
03143	320	143	160	13	0	3	115	116	117
03144	480	143	160	13	0	1	114
032	640	104	640	52	4	0
0321	640	104	320	26	4	0
03211	640	104	160	13	0	0
03212	800	104	160	13	0	9	3	4	5	6	7	8	9	27	126
03213	640	117	160	13	0	0
03214	800	117	160	13	0	3	17	29	126
0322	960	104	320	26	4	0
03221	960	104	160	13	0	0
03222	1120	104	160	13	0	1	10
03223	960	117	160	13	0	0
03224	1120	117	160	13	0	0
0323	640	130	320	26	4	0
03231	640	130	160	13	0	0
03232	800	130	160	13	0	2	17	29
03233	640	143	160	13	0	0
03234	800	143	160	13	0	2	17	29
0324	960	130	320	26	4	0
03241	960	130	160	13	0	0
03242	1120	130	160	13	0	0
03243	960	143	160	13	0	0
03244	1120	143	160	13	0	1	134
033	0	156	640	52	4	0
0331	0	156	320	26	4	0
03311	0	156	160	13	0	1	131
03312	160	156	160	13	0	0
03313	0	169	160	13	0	10	39	40	41	42	43	44	45	46	112	113
03314	160	169	160	13	0	10	47	48	49	50	51	52	53	54	55	56
0332	320	156	320	26	4	0
03321	320	156	160	13	0	3	115	116	117
03322	480	156	160	13	0	4	19	30	108	114
03323	320	169	160	13	0	10	57	58	59	60	61	62	63	64	65	66
03324	480	169	160	13	0	7	19	30	67	68	69	101	108
0333	0	182	320	26	4	0
03331	0	182	160	13	0	10	39	40	41	42	43	44	45	46	112	113
03332	160	182	160	13	0	10	47	48	49	50	51	52	53	54	55	56
03333	0	195	160	13	0	0
03334	160	195	160	13	0	0
0334	320	182	320	26	4	0
03341	320	182	160	13	0	10	57	58	59	60	61	62	63	64	65	66
03342	480	182	160	13	0	4	67	68	69	101
03343	320	195	160	13	0	0
03344	480	195	160	13	0	0
034	640	156	640	52	4	0
0341	640	156	320	26	4	0
03411	640	156	160	13	0	9	20	21	22	31	32	33	109	110	111
03412	800	156	160	13	0	0
03413	640	169	160	13	0	9	20	21	22	31	32	33	109	110	111
03414	800	169	160	13	0	0
0342	960	156	320	26	4	0
03421	960	156	160	13	0	4	23	24	25	34
03422	1120	156	160	13	0	1	134
03423	960	169	160	13	0	4	23	24	25	34
03424	1120	169	160	13	0	9	70	71	72	73	74	75	76	77	78
0343	640	182	320	26	0	0
0344	960	182	320	26	4	0
03441	960	182	160	13	0	0
03442	1120	182	160	13	0	9	70	71	72	73	74	75	76	77	78
03443	960	195	160	13	0	0
03444	1120	195	160	13	0	0
04	1280	104	1280	104	4	0
041	1280	104	640	52	4	0
0411	1280	104	320	26	4	0
04111	1280	104	160	13	0	5	11	12	13	14	15
04112	1440	104	160	13	0	2	16	28
04113	1280	117	160	13	0	1	18
04114	1440	117	160	13	0	0
0412	1600	104	320	26	0	0
0413	1280	130	320	26	4	0
04131	1280	130	160	13	0	3	18	103	125
04132	1440	130	160	13	0	0
04133	1280	143	160	13	0	3	18	125	134
04134	1440	143	160	13	0	0
0414	1600	130	320	26	4	0
04141	1600	130	160	13	0	0
04142	1760	130	160	13	0	1	122
04143	1600	143	160	13	0	0
04144	1760	143	160	13	0	1	122
042	1920	104	640	52	4	0
0421	1920	104	320	26	0	0
0422	2240	104	320	26	0	0
0423	1920	130	320	26	4	0
04231	1920	130	160	13	0	1	123
04232	2080	130	160	13	0	0
04233	1920	143	160	13	0	1	123
04234	2080	143	160	13	0	0
0424	2240	130	320	26	0	0
043	1280	156	640	52	4	0
0431	1280	156	320	26	4	0
04311	1280	156	160	13	0	2	125	134
04312	1440	156	160	13	0	0
04313	1280	169	160	13	0	9	79	80	81	82	83	84	85	102	125
04314	1440	169	160	13	0	0
0432	1600	156	320	26	4	0
04321	1600	156	160	13	0	6	35	36	37	104	105	106
04322	1760	156	160	13	0	1	122
04323	1600	169	160	13	0	6	35	36	37	104	105	106
04324	1760	169	160	13	0	7	86	87	88	89	90	91	92
0433	1280	182	320	26	4	0
04331	1280	182	160	13	0	8	79	80	81	82	83	84	85	102
04332	1440	182	160	13	0	0
04333	1280	195	160	13	0	0
04334	1440	195	160	13	0	0
0434	1600	182	320	26	4	0
04341	1600	182	160	13	0	0
04342	1760	182	160	13	0	7	86	87	88	89	90	91	92
04343	1600	195	160	13	0	0
04344	1760	195	160	13	0	0
044	1920	156	640	52	4	0
0441	1920	156	320	26	4	0
04411	1920	156	160	13	0	1	123
04412	2080	156	160	13	0	0
04413	1920	169	160	13	0	8	93	94	95	96	97	98	99	100
04414	2080	169	160	13	0	0
0442	2240	156	320	26	0	0
0443	1920	182	320	26	4	0
04431	1920	182	160	13	0	8	93	94	95	96	97	98	99	100
04432	2080	182	160	13	0	0
04433	1920	195	160	13	0	0
04434	2080	195	160	13	0	0
0444	2240	182	320	26	0	0
